46
0
10 10 2346.410000 1 2036.530000 9 1243.890000 12 1052.870000 11 1000.840000 13 703.583000 2 604.456000 8 439.759000 14 327.419000 27 249.278000 
1
10 9 2850.870000 10 2583.940000 2 2105.590000 0 2052.840000 8 1868.240000 13 1184.230000 14 1017.510000 12 961.966000 7 670.208000 15 657.218000 
2
10 8 2501.240000 1 2106.880000 7 1856.500000 9 1782.340000 3 1141.770000 15 1061.760000 14 815.457000 16 762.153000 6 709.789000 10 699.921000 
3
10 7 1294.390000 6 1159.130000 2 1134.270000 4 905.717000 8 687.320000 5 600.015000 17 496.958000 16 481.969000 1 379.011000 15 307.450000 
4
10 5 1333.740000 6 1145.150000 3 895.254000 7 486.504000 18 446.420000 2 418.517000 17 326.528000 8 161.115000 16 149.154000 1 103.626000 
5
10 6 1676.060000 18 1555.060000 4 1335.550000 17 868.416000 3 593.755000 7 467.816000 20 440.579000 19 428.255000 16 242.327000 21 210.253000 
6
10 17 2332.350000 7 1848.240000 18 1812.740000 5 1696.070000 16 1273.000000 3 1157.990000 4 1155.410000 20 771.624000 21 744.945000 2 700.368000 
7
10 16 2709.460000 8 2439.700000 15 2078.210000 6 1864.160000 2 1846.600000 17 1791.710000 3 1296.860000 22 957.793000 9 879.088000 21 782.277000 
8
10 15 3124.010000 9 3099.920000 14 2756.290000 2 2501.220000 7 2449.320000 1 1875.940000 16 1726.040000 13 1325.760000 23 1177.090000 24 1108.820000 
9
10 13 3355.620000 14 3226.070000 8 3098.800000 10 3097.070000 1 2861.420000 12 1873.630000 2 1785.980000 15 1753.320000 25 1365.450000 0 1261.590000 
10
10 12 3750.700000 9 3085.870000 13 3028.390000 1 2590.550000 0 2369.790000 11 2266.670000 14 1524.160000 26 1448.150000 27 1293.600000 8 1041.840000 
11
10 12 3543.760000 27 3056.050000 10 2248.070000 26 1524.280000 28 1273.330000 13 1265.900000 29 1129.550000 0 998.164000 9 591.176000 30 572.919000 
12
10 27 3889.870000 10 3754.540000 13 3745.210000 11 3584.260000 26 3574.560000 25 1877.110000 9 1866.340000 29 1482.720000 30 1418.510000 14 1341.860000 
13
10 12 3773.140000 26 3699.280000 25 3657.170000 14 3652.040000 9 3356.290000 10 3049.270000 24 2098.910000 27 1900.960000 31 1460.960000 30 1349.620000 
14
10 13 3663.520000 24 3610.690000 9 3232.550000 25 3216.400000 15 3128.840000 8 2758.040000 23 2219.910000 26 1567.450000 10 1536.600000 32 1419.330000 
15
10 23 3194.920000 14 3126.000000 8 3120.430000 16 2897.020000 24 2562.490000 7 2084.050000 22 2041.630000 9 1752.080000 33 1232.290000 13 1137.550000 
16
10 15 2884.140000 7 2713.880000 22 2708.570000 17 2448.500000 21 2173.300000 23 1908.030000 8 1718.790000 6 1281.960000 35 1047.380000 34 980.064000 
17
10 21 2632.480000 16 2428.000000 6 2343.570000 18 2250.230000 20 2149.750000 7 1779.420000 22 1380.250000 36 957.046000 5 878.398000 15 789.068000 
18
9 17 2219.150000 20 2173.020000 6 1802.390000 19 1575.770000 5 1564.810000 21 1160.130000 16 660.317000 7 589.484000 36 559.983000 
19
7 20 1828.970000 18 1564.630000 17 685.249000 36 613.420000 21 572.770000 5 427.597000 6 368.651000 
20
8 21 2569.790000 36 2258.330000 18 2186.710000 17 2130.670000 19 1865.060000 35 996.122000 16 799.808000 40 778.721000 
21
9 36 2704.590000 35 2639.690000 17 2638.190000 20 2605.430000 22 2604.260000 16 2158.250000 34 1239.250000 18 1178.240000 40 1128.570000 
22
10 23 3232.680000 34 3175.150000 35 2831.090000 16 2712.510000 21 2632.190000 15 2033.390000 33 1712.670000 17 1393.860000 36 1290.960000 24 1195.330000 
23
10 24 3710.900000 33 3603.070000 22 3244.200000 15 3190.620000 34 3086.490000 14 2220.110000 32 2100.000000 16 1917.100000 35 1359.790000 25 1356.710000 
24
10 25 3844.600000 32 3750.750000 23 3710.600000 14 3609.090000 33 3091.040000 15 2559.240000 31 2423.710000 13 2109.360000 26 1440.580000 34 1410.030000 
25
10 26 3951.740000 31 3888.570000 24 3833.070000 13 3667.350000 14 3208.210000 32 2993.460000 30 2681.520000 12 1900.230000 45 1484.030000 27 1462.880000 
26
10 30 4033.350000 27 3970.470000 25 3925.250000 13 3686.340000 12 3595.590000 29 2943.870000 31 2917.000000 14 1556.340000 11 1554.750000 46 1503.840000 
27
10 29 4027.840000 26 3929.940000 12 3875.580000 11 3085.030000 28 2908.600000 30 2792.670000 13 1878.420000 25 1438.550000 47 1425.200000 10 1290.250000 
28
10 29 3687.020000 48 3209.130000 27 2872.860000 47 2014.530000 30 1361.950000 11 1273.600000 26 1062.850000 12 840.841000 46 672.985000 31 271.952000 
29
10 27 4029.430000 30 3909.550000 28 3739.930000 47 3695.230000 48 3135.870000 26 2910.970000 46 2229.550000 12 1479.160000 31 1430.260000 11 1144.560000 
30
10 26 4029.860000 29 3953.720000 31 3811.120000 46 3630.460000 47 3105.960000 27 2824.430000 25 2657.890000 45 2347.750000 32 1459.110000 12 1429.620000 
31
10 25 3882.210000 30 3841.880000 32 3808.500000 45 3649.820000 46 3000.670000 26 2939.940000 24 2409.930000 44 2381.300000 13 1467.590000 29 1459.560000 
32
10 31 3826.500000 24 3744.140000 33 3613.240000 44 3552.040000 25 3004.600000 45 2884.590000 43 2393.340000 23 2095.270000 30 1478.600000 14 1420.780000 
33
10 32 3618.110000 23 3598.100000 34 3530.530000 43 3462.370000 24 3091.530000 44 2608.080000 42 2426.000000 22 1717.940000 31 1407.650000 25 1324.780000 
34
10 33 3523.370000 42 3356.550000 35 3210.340000 22 3178.850000 23 3079.030000 43 2396.450000 41 2386.860000 24 1408.020000 32 1301.340000 21 1256.450000 
35
10 34 3187.880000 41 3106.440000 36 2866.040000 22 2817.740000 21 2654.870000 40 2416.980000 42 2137.810000 23 1346.860000 33 1150.330000 16 1044.660000 
36
8 40 2910.700000 35 2832.660000 21 2689.960000 20 2280.460000 41 1787.970000 22 1268.490000 34 981.636000 17 954.229000 
40
7 36 2918.140000 41 2852.620000 35 2392.960000 21 1124.300000 42 1056.480000 34 877.946000 20 788.701000 
41
9 35 3111.050000 42 3049.710000 40 2885.360000 34 2371.020000 36 1813.690000 43 1164.710000 22 1126.900000 21 906.536000 33 903.238000 
42
10 34 3356.980000 43 3183.000000 41 3070.540000 33 2421.770000 35 2155.080000 44 1278.410000 23 1183.520000 22 1147.070000 40 1077.080000 32 899.646000 
43
10 33 3461.240000 44 3380.740000 42 3188.700000 34 2400.600000 32 2399.090000 45 1359.370000 23 1314.080000 41 1176.120000 24 1159.620000 31 901.556000 
44
10 32 3550.810000 45 3510.160000 43 3373.110000 33 2602.330000 31 2395.930000 24 1410.430000 46 1386.310000 42 1279.000000 25 1095.240000 34 968.440000 
45
10 31 3650.090000 46 3555.090000 44 3491.150000 32 2868.390000 30 2373.590000 25 1485.370000 47 1405.280000 43 1349.540000 33 1104.770000 26 1046.810000 
46
10 30 3635.640000 47 3562.170000 45 3524.170000 31 2976.820000 29 2264.040000 26 1508.870000 44 1367.410000 48 1352.100000 32 1211.240000 25 1102.170000 
47
10 29 3705.310000 46 3519.760000 48 3450.480000 30 3074.770000 28 2054.630000 27 1434.570000 45 1377.340000 31 1268.230000 26 1223.830000 25 471.111000 
48
10 47 3401.950000 28 3224.840000 29 3101.160000 46 1317.100000 30 1306.700000 27 1235.070000 26 537.731000 31 291.919000 45 276.869000 11 258.856000 
